num_in_agegroup,latent,total_inf,total_symp,total_asymp,total_vac,total_vac_symp,total_vac_asymp,total_vac_inf,total_vac_healthy,total_unvac_symp,total_unvac_asymp,total_unvac_inf,total_unvac_healthy
966,9485,956,450,506,207,93,113,206,1,357,393,750,9
990,0,0,0,0,249,0,0,0,249,0,0,0,741
915,9478,910,443,467,158,74,83,157,1,369,384,753,4
960,9476,946,457,489,167,66,96,162,5,391,393,784,9
943,9497,934,459,475,181,80,96,176,5,379,379,758,4
979,9506,969,475,494,178,76,99,175,3,399,395,794,7
1002,9522,990,501,489,267,131,133,264,3,370,356,726,9
972,9491,966,469,497,194,78,115,193,1,391,382,773,5
983,9454,977,457,520,225,100,122,222,3,357,398,755,3
1026,9438,1017,493,524,214,98,113,211,3,395,411,806,6
970,0,0,0,0,200,0,0,0,200,0,0,0,770
952,9503,944,460,484,235,113,116,229,6,347,368,715,2
999,9492,992,479,513,228,94,131,225,3,385,382,767,4
965,9552,962,497,465,179,83,95,178,1,414,370,784,2
926,9534,915,469,446,222,108,112,220,2,361,334,695,9
1028,9517,1021,506,515,214,105,105,210,4,401,410,811,3
982,0,0,0,0,256,0,0,0,256,0,0,0,726
970,9510,959,454,505,199,90,104,194,5,364,401,765,6
959,9483,953,471,482,197,85,110,195,2,386,372,758,4
950,9505,941,484,457,203,105,94,199,4,379,363,742,5
970,9527,960,498,462,210,96,111,207,3,402,351,753,7
974,9508,965,434,531,215,84,127,211,4,350,404,754,5
988,9453,975,477,498,239,114,121,235,4,363,377,740,9
890,9537,886,422,464,270,121,146,267,3,301,318,619,1
958,9535,948,454,494,243,106,132,238,5,348,362,710,5
922,9475,912,434,478,223,107,111,218,5,327,367,694,5
990,9510,979,469,510,191,79,109,188,3,390,401,791,8
911,9482,907,462,445,155,79,73,152,3,383,372,755,1
1009,9529,1002,475,527,173,77,94,171,2,398,433,831,5
937,9493,932,483,449,187,86,98,184,3,397,351,748,2
987,9511,978,472,506,284,116,164,280,4,356,342,698,5
1011,9520,1002,505,497,207,93,109,202,5,412,388,800,4
961,9504,948,463,485,255,115,137,252,3,348,348,696,10
922,9537,913,467,446,215,92,122,214,1,375,324,699,8
1030,9510,1020,496,524,231,96,132,228,3,400,392,792,7
984,9449,972,465,507,204,94,107,201,3,371,400,771,9
943,9511,932,454,478,205,93,109,202,3,361,369,730,8
1000,9521,990,480,510,209,99,105,204,5,381,405,786,5
942,9473,931,462,469,254,108,137,245,9,354,332,686,2
1020,9486,1014,506,508,272,114,155,269,3,392,353,745,3
907,9447,899,469,430,154,65,89,154,0,404,341,745,8
936,9512,929,470,459,172,90,80,170,2,380,379,759,5
951,9490,942,462,480,264,121,139,260,4,341,341,682,5
1024,9487,1011,494,517,263,110,144,254,9,384,373,757,4
939,9468,930,464,466,223,95,124,219,4,369,342,711,5
954,0,0,0,0,241,0,0,0,241,0,0,0,713
995,9499,983,498,485,229,102,122,224,5,396,363,759,7
1009,9511,1003,471,532,200,102,95,197,3,369,437,806,3
960,9482,954,476,478,266,136,128,264,2,340,350,690,4
977,9480,973,475,498,265,135,128,263,2,340,370,710,2
999,9508,988,473,515,262,110,143,253,9,363,372,735,2
954,9477,945,473,472,245,113,128,241,4,360,344,704,5
1017,4,0,0,0,263,0,0,0,263,0,0,0,754
1017,9467,1008,477,531,173,80,90,170,3,397,441,838,6
974,9453,959,500,459,190,78,107,185,5,422,352,774,10
994,9514,980,494,486,255,115,135,250,5,379,351,730,9
951,9542,942,445,497,224,107,114,221,3,338,383,721,6
984,9493,975,463,512,157,76,78,154,3,387,434,821,6
953,9455,947,473,474,245,107,136,243,2,366,338,704,4
1003,9540,996,499,497,188,84,101,185,3,415,396,811,4
976,9478,972,469,503,266,117,147,264,2,352,356,708,2
964,9483,947,507,440,240,113,121,234,6,394,319,713,11
974,9471,966,481,485,176,79,93,172,4,402,392,794,4
960,9517,952,462,490,210,96,112,208,2,366,378,744,6
923,9540,919,440,479,172,77,95,172,0,363,384,747,4
885,9471,874,451,423,227,120,106,226,1,331,317,648,10
977,9504,970,481,489,181,84,93,177,4,397,396,793,3
1041,9548,1028,497,531,222,98,120,218,4,399,411,810,9
1013,9558,1006,486,520,234,96,134,230,4,390,386,776,3
1023,9449,1017,502,515,199,99,97,196,3,403,418,821,3
951,9531,944,442,502,193,78,113,191,2,364,389,753,5
932,9499,921,444,477,202,85,114,199,3,359,363,722,8
957,9448,947,462,485,212,98,110,208,4,364,375,739,6
987,9482,976,487,489,198,86,109,195,3,401,380,781,8
953,9485,943,470,473,182,86,93,179,3,384,380,764,7
948,9465,939,450,489,217,98,115,213,4,352,374,726,5
944,9495,937,459,478,231,96,133,229,2,363,345,708,5
977,9485,969,457,512,263,120,138,258,5,337,374,711,3
977,9509,966,468,498,227,110,113,223,4,358,385,743,7
981,9493,970,467,503,257,110,140,250,7,357,363,720,4
942,9523,930,445,485,192,90,99,189,3,355,386,741,9
1004,9535,992,505,487,206,97,105,202,4,408,382,790,8
958,9493,946,477,469,215,97,114,211,4,380,355,735,8
976,9497,964,478,486,217,105,106,211,6,373,380,753,6
965,9479,960,455,505,232,100,130,230,2,355,375,730,3
1013,9494,1005,475,530,244,111,129,240,4,364,401,765,4
984,9453,974,454,520,234,101,129,230,4,353,391,744,6
897,9526,886,436,450,191,89,97,186,5,347,353,700,6
938,9435,930,463,467,206,93,110,203,3,370,357,727,5
946,9491,935,479,456,170,85,82,167,3,394,374,768,8
903,9517,897,430,467,158,69,86,155,3,361,381,742,3
991,9499,981,496,485,224,113,107,220,4,383,378,761,6
999,9425,984,468,516,234,106,122,228,6,362,394,756,9
976,9507,965,472,493,263,110,149,259,4,362,344,706,7
916,9518,911,470,441,194,89,103,192,2,381,338,719,3
953,9459,939,468,471,192,84,105,189,3,384,366,750,11
980,0,0,0,0,192,0,0,0,192,0,0,0,788
939,9484,933,443,490,238,108,127,235,3,335,363,698,3
950,9474,939,469,470,171,75,94,169,2,394,376,770,9
982,9480,974,484,490,210,99,110,209,1,385,380,765,7
