num_in_agegroup,latent,total_inf,total_symp,total_asymp,total_vac,total_vac_symp,total_vac_asymp,total_vac_inf,total_vac_healthy,total_unvac_symp,total_unvac_asymp,total_unvac_inf,total_unvac_healthy
2059,9485,1941,951,990,824,352,417,769,55,599,573,1172,63
2141,0,1,1,0,899,0,0,0,899,1,0,1,1241
2140,9478,1998,970,1028,792,339,389,728,64,631,639,1270,78
2065,9476,1970,965,1005,785,361,385,746,39,604,620,1224,56
2092,9497,1972,974,998,879,373,438,811,68,601,560,1161,52
2158,9506,2056,984,1072,885,396,444,840,45,588,628,1216,57
2126,9522,2014,1001,1013,765,347,369,716,49,654,644,1298,63
2108,9491,1999,999,1000,717,334,345,679,38,665,655,1320,71
2102,9454,1984,961,1023,799,359,385,744,55,602,638,1240,63
2069,9438,1939,907,1032,807,322,419,741,66,585,613,1198,64
2118,0,0,0,0,868,0,0,0,868,0,0,0,1250
2174,9503,2061,1042,1019,870,382,428,810,60,660,591,1251,53
2084,9492,1969,998,971,750,340,363,703,47,658,608,1266,68
2090,9552,1997,981,1016,732,331,364,695,37,650,652,1302,56
2082,9534,1975,956,1019,729,311,373,684,45,645,646,1291,62
2045,9517,1934,957,977,757,333,377,710,47,624,600,1224,64
2134,0,0,0,0,790,0,0,0,790,0,0,0,1344
2137,9510,2028,982,1046,898,395,451,846,52,587,595,1182,57
2097,9483,1987,950,1037,797,338,408,746,51,612,629,1241,59
2183,9505,2071,1027,1044,851,367,428,795,56,660,616,1276,56
2070,9527,1966,972,994,745,311,381,692,53,661,613,1274,51
2075,9508,1955,954,1001,830,353,416,769,61,601,585,1186,59
2155,9453,2025,934,1091,905,389,452,841,64,545,639,1184,66
2145,9537,2039,1028,1011,751,335,372,707,44,693,639,1332,62
2109,9535,2019,965,1054,780,333,399,732,48,632,655,1287,42
2108,9475,1984,1015,969,801,357,388,745,56,658,581,1239,68
2074,9510,1954,981,973,747,335,363,698,49,646,610,1256,71
2056,9482,1942,955,987,740,331,355,686,54,624,632,1256,60
2142,9529,2026,1004,1022,771,344,380,724,47,660,642,1302,69
2130,9493,2013,1003,1010,767,348,370,718,49,655,640,1295,68
2038,9511,1925,940,985,713,302,361,663,50,638,624,1262,63
2075,9520,1966,979,987,747,341,359,700,47,638,628,1266,62
2042,9504,1946,964,982,735,325,364,689,46,639,618,1257,50
2073,9537,1974,998,976,850,403,405,808,42,595,571,1166,57
2054,9510,1953,990,963,822,378,399,777,45,612,564,1176,56
2085,9449,1960,947,1013,730,305,368,673,57,642,645,1287,68
2112,9511,2012,988,1024,866,383,427,810,56,605,597,1202,44
2145,9521,2026,981,1045,879,369,449,818,61,612,596,1208,58
2115,9473,1993,1023,970,867,396,402,798,69,627,568,1195,53
2102,9486,1989,951,1038,841,369,423,792,49,582,615,1197,64
2139,9447,2016,992,1024,813,371,392,763,50,621,632,1253,73
2090,9512,1985,970,1015,752,333,372,705,47,637,643,1280,58
2064,9490,1950,964,986,764,337,386,723,41,627,600,1227,73
2001,9487,1900,914,986,760,320,396,716,44,594,590,1184,57
2113,9468,1992,978,1014,740,333,362,695,45,645,652,1297,76
2115,0,0,0,0,888,0,0,0,888,0,0,0,1227
2116,9499,2004,987,1017,868,383,433,816,52,604,584,1188,60
2091,9511,2001,968,1033,753,343,361,704,49,625,672,1297,41
2186,9482,2055,980,1075,874,360,446,806,68,620,629,1249,63
2068,9480,1952,950,1002,744,337,349,686,58,613,653,1266,58
2093,9508,1977,961,1016,837,354,420,774,63,607,596,1203,53
2100,9477,1972,983,989,882,383,440,823,59,600,549,1149,69
2153,4,1,0,1,861,0,0,0,861,0,1,1,1291
2124,9467,1999,938,1061,828,345,423,768,60,593,638,1231,65
2024,9453,1912,923,989,708,304,366,670,38,619,623,1242,74
2083,9514,1988,982,1006,708,322,345,667,41,660,661,1321,54
2102,9542,2010,995,1015,715,313,353,666,49,682,662,1344,43
2127,9493,2008,993,1015,872,389,433,822,50,604,582,1186,69
2118,9455,1988,991,997,762,339,365,704,58,652,632,1284,72
2086,9540,1992,960,1032,751,322,382,704,47,638,650,1288,47
2120,9478,2000,996,1004,742,347,346,693,49,649,658,1307,71
2005,9483,1892,927,965,822,372,397,769,53,555,568,1123,60
2078,9471,1960,947,1013,727,320,361,681,46,627,652,1279,72
2082,9517,1969,987,982,708,301,366,667,41,686,616,1302,72
2128,9540,2025,962,1063,851,379,423,802,49,583,640,1223,54
2098,9471,1980,962,1018,839,368,422,790,49,594,596,1190,69
2101,9504,1987,943,1044,735,330,351,681,54,613,693,1306,60
2093,9548,1988,974,1014,733,312,369,681,52,662,645,1307,53
2133,9558,2038,969,1069,747,333,374,707,40,636,695,1331,55
2050,9449,1920,908,1012,800,337,396,733,67,571,616,1187,63
2206,9531,2108,1054,1054,882,409,422,831,51,645,632,1277,47
2068,9499,1972,973,999,827,379,400,779,48,594,599,1193,48
2157,9448,2026,1014,1012,777,333,386,719,58,681,626,1307,73
2142,9482,2034,1013,1021,857,388,419,807,50,625,602,1227,58
2113,9485,1985,952,1033,782,315,408,723,59,637,625,1262,69
2121,9465,1984,962,1022,891,367,455,822,69,595,567,1162,68
2072,9495,1959,989,970,767,363,360,723,44,626,610,1236,69
2019,9485,1894,899,995,707,289,356,645,62,610,639,1249,63
2104,9509,1985,934,1051,715,300,369,669,46,634,682,1316,73
2077,9493,1954,996,958,768,358,362,720,48,638,596,1234,75
2029,9523,1937,904,1033,812,354,413,767,45,550,620,1170,47
2168,9535,2058,990,1068,824,362,409,771,53,628,659,1287,57
2104,9493,1983,959,1024,715,312,358,670,45,647,666,1313,76
2076,9497,1957,942,1015,768,341,376,717,51,601,639,1240,68
2089,9479,1976,985,991,877,392,423,815,62,593,568,1161,51
2099,9494,1981,979,1002,714,320,347,667,47,659,655,1314,71
2121,9453,1994,964,1030,785,347,386,733,52,617,644,1261,75
2087,9526,1972,943,1029,793,351,394,745,48,592,635,1227,67
2108,9435,1988,998,990,738,345,350,695,43,653,640,1293,77
2102,9491,2004,975,1029,841,388,414,802,39,587,615,1202,59
2080,9517,1967,957,1010,832,353,430,783,49,604,580,1184,64
2056,9499,1953,950,1003,822,358,416,774,48,592,587,1179,55
2047,9425,1928,913,1015,839,358,424,782,57,555,591,1146,62
2128,9507,2026,1020,1006,872,400,422,822,50,620,584,1204,52
2112,9518,2001,933,1068,718,300,368,668,50,633,700,1333,61
2140,9459,2013,959,1054,835,340,438,778,57,619,616,1235,70
1983,0,1,1,0,773,0,0,0,773,1,0,1,1209
2115,9484,1990,1033,957,867,409,402,811,56,624,555,1179,69
2098,9474,1978,974,1004,881,396,425,821,60,578,579,1157,60
2130,9480,2004,980,1024,767,334,375,709,58,646,649,1295,68
